
Creating Table...
____________________________________________________________________________________________________________________________________________________________________________________

a: 10 13 23 23 25 32 39 43 46 49 52 56 57 61 68 72 72 75 101 102 119 128 130 132 152 154 156 171 176 178 192 198 207 214 216 221 221 222 231 240 244 247 248 258 262 264 270 276 277 277 279 290 299 301 302 303 304 306 308 310 311 311 313 321 327 330 336 336 346 353 369 370 373 373 376 377 386 388 391 393 402 407 415 415 415 422 425 428 429 429 433 434 435 443 447 447 448 453 454 454 462 466 471 475 476 484 485 485 497 498 499 502 504 515 537 540 546 549 554 555 558 563 564 565 571 572 572 576 582 583 584 593 599 601 608 622 624 625 629 630 641 646 654 659 660 662 670 676 679 679 680 688 689 689 695 700 705 715 719 722 727 736 743 744 745 756 762 762 765 768 769 776 782 785 786 790 792 792 796 797 799 801 803 806 809 814 817 817 824 829 833 834 836 839 840 843 856 858 869 871 874 875 875 883 885 900 900 902 903 903 904 907 914 916 917 921 923 923 925 927 928 932 933 950 954 955 960 962 967 975 977 991 997 998 
____________________________________________________________________________________________________________________________________________________________________________________

b: 1 2 8 9 10 16 16 19 21 24 25 33 42 46 48 54 55 65 65 71 74 77 79 80 84 90 91 93 93 93 102 105 112 117 126 130 132 147 152 157 161 171 174 182 184 188 188 190 195 197 203 208 215 229 232 240 242 246 247 264 265 268 271 273 274 276 277 289 312 312 322 324 328 337 339 341 341 348 359 361 368 370 372 393 409 415 426 427 427 428 445 457 462 468 475 479 492 493 512 514 515 518 521 526 538 538 543 547 553 557 589 592 595 597 597 599 599 600 614 615 616 628 628 635 637 643 647 659 662 668 669 681 682 694 696 697 706 713 717 743 760 760 762 769 771 773 780 780 790 792 803 805 811 825 833 835 835 835 837 838 840 841 845 854 855 860 862 862 872 875 880 884 900 901 903 903 908 910 911 919 924 924 924 928 933 934 942 944 958 961 962 964 967 971 971 977 978 980 986 988 997 997 997 
____________________________________________________________________________________________________________________________________________________________________________________

c: 2 5 10 10 24 27 28 28 38 39 41 47 49 54 64 73 84 87 94 102 113 119 120 123 127 127 135 141 144 145 146 150 156 161 166 169 177 177 181 201 201 205 206 207 217 219 222 222 225 225 227 229 233 233 251 255 263 272 273 283 287 297 306 308 314 327 331 334 336 339 339 346 349 362 366 369 372 373 374 378 397 400 411 423 425 427 461 461 463 463 471 473 476 479 480 480 489 489 499 504 508 512 512 515 515 522 524 526 529 534 536 537 543 554 554 555 555 556 558 572 579 579 585 593 596 605 605 608 617 618 624 626 626 629 629 630 631 637 637 645 647 664 664 674 679 683 683 683 687 690 694 695 697 707 708 712 714 715 724 727 737 755 756 761 767 769 770 772 774 775 791 791 795 797 799 808 817 819 819 822 828 832 834 835 840 841 844 846 850 851 860 864 865 866 874 878 903 906 919 921 930 936 938 946 948 956 965 970 971 972 973 980 981 982 987 987 990 990 993 996 998 
____________________________________________________________________________________________________________________________________________________________________________________

d: 2 5 5 9 10 17 23 35 36 38 38 45 46 49 50 56 56 68 73 73 76 79 85 87 93 93 97 101 105 106 111 111 114 120 120 130 135 140 153 153 156 161 168 168 175 177 184 187 190 196 203 209 214 218 219 223 224 230 234 240 245 255 267 278 279 284 284 287 297 297 302 325 329 344 346 349 350 361 375 376 376 386 389 390 390 390 391 394 407 409 413 416 416 416 426 428 431 445 447 447 450 453 455 456 464 465 469 475 476 479 480 493 496 502 502 504 505 507 507 511 512 513 520 520 521 524 526 527 544 545 549 562 573 579 579 586 594 599 600 606 612 613 617 619 624 625 631 636 656 656 658 659 661 662 663 668 676 677 682 688 690 693 693 701 703 708 711 715 722 723 725 726 751 755 756 763 765 771 772 777 787 793 793 799 803 805 813 814 818 818 819 828 830 837 838 839 840 844 850 862 870 874 876 882 893 897 906 920 921 922 928 944 950 951 954 956 960 967 968 970 971 972 973 975 983 998 998 999 
____________________________________________________________________________________________________________________________________________________________________________________

e: 9 10 12 15 28 35 38 46 48 53 55 56 62 63 71 80 83 83 84 84 86 91 99 102 104 104 115 122 123 126 128 128 143 152 152 153 158 161 170 170 174 181 184 189 189 190 194 202 202 208 210 210 221 233 237 239 239 253 253 256 266 266 278 285 285 286 290 299 312 322 323 329 333 335 336 338 343 344 349 355 357 365 366 374 377 380 383 385 386 396 396 403 405 407 410 422 423 431 433 436 436 438 438 441 452 457 471 474 477 487 487 498 499 502 504 511 511 512 513 515 519 527 528 531 533 536 540 540 550 551 556 565 567 570 571 572 585 591 594 596 605 609 611 614 621 622 638 641 646 654 665 681 683 696 703 703 704 714 718 726 728 731 733 746 749 765 770 777 778 784 786 789 789 797 798 807 808 817 820 820 823 828 835 837 838 839 841 852 852 852 855 855 857 858 865 867 871 875 876 883 885 887 888 895 895 900 912 916 922 924 927 933 952 954 956 962 962 972 973 974 974 979 988 989 989 994 996 
____________________________________________________________________________________________________________________________________________________________________________________

f: 7 9 13 22 23 25 25 29 35 36 68 77 84 87 88 95 108 110 114 116 119 123 123 130 132 133 141 141 143 144 146 151 155 157 159 174 176 180 196 201 204 212 213 220 221 232 232 239 253 260 267 272 273 274 282 284 286 291 293 296 300 303 315 321 326 333 344 355 360 375 376 379 393 393 397 402 404 408 419 421 427 429 430 431 432 432 433 436 439 450 453 456 466 486 491 499 509 510 514 515 515 516 519 521 536 537 539 539 542 543 547 547 552 553 554 582 584 585 591 599 607 611 611 615 617 618 622 628 633 639 640 642 646 651 659 661 667 670 671 672 679 687 690 693 703 705 708 712 718 725 732 741 749 756 760 761 763 774 776 781 781 781 787 791 801 801 806 814 818 828 833 841 841 845 846 850 855 865 879 880 880 885 887 893 908 916 932 936 944 946 946 959 966 977 
____________________________________________________________________________________________________________________________________________________________________________________

g: 11 11 16 35 37 38 41 43 45 45 47 65 65 69 82 85 101 104 113 122 125 127 132 140 145 146 154 158 163 166 174 178 180 183 184 192 197 208 211 211 212 216 217 224 230 236 239 240 243 247 255 263 265 273 274 275 287 293 297 301 310 313 313 325 325 329 335 335 336 342 353 369 369 371 376 382 384 388 404 408 413 415 433 441 444 446 449 450 452 455 461 462 477 480 485 485 490 493 494 494 507 510 512 514 515 525 526 534 536 537 546 547 549 551 552 554 555 555 562 564 573 579 582 585 596 606 614 621 631 643 643 662 669 672 674 674 681 683 683 685 688 698 698 699 704 704 715 718 720 721 722 727 728 731 736 737 743 744 755 759 763 763 765 775 776 779 787 788 789 791 798 798 804 805 805 806 827 828 830 833 835 841 842 846 847 848 874 878 887 888 903 906 908 910 919 922 930 931 939 942 954 961 962 965 972 977 977 978 983 987 992 995 996 999 
____________________________________________________________________________________________________________________________________________________________________________________

h: 2 5 15 16 25 28 28 33 33 39 39 49 49 58 60 60 63 72 73 87 87 91 104 118 125 127 128 128 129 130 153 162 163 168 170 173 184 184 187 189 196 198 201 204 207 208 209 209 233 233 250 255 256 257 272 275 279 286 287 314 316 323 326 328 339 344 353 364 376 379 382 384 392 414 415 428 431 432 435 441 450 452 453 453 460 461 462 466 467 472 477 478 478 490 493 496 502 503 506 512 525 534 534 543 547 552 554 565 566 574 577 578 579 595 598 599 606 616 627 628 630 636 638 639 640 642 643 649 656 660 662 663 663 663 667 668 678 680 688 690 690 691 692 693 697 704 710 711 712 714 721 725 726 728 728 736 736 739 740 740 750 761 781 789 790 798 813 819 830 833 838 840 846 847 852 858 887 902 930 933 948 955 960 962 981 988 989 991 991 
____________________________________________________________________________________________________________________________________________________________________________________

i: 5 17 31 33 37 39 54 60 62 63 70 77 77 79 85 85 88 94 101 105 116 119 133 140 141 141 149 166 167 181 184 187 193 194 196 203 204 211 217 230 262 262 276 277 289 291 291 295 299 301 308 311 317 321 322 324 327 328 329 333 338 349 356 357 360 365 366 366 372 373 377 386 394 395 397 400 402 405 406 411 415 416 418 419 419 421 422 426 431 432 438 447 450 452 466 469 469 469 472 480 481 488 491 494 495 496 505 510 518 521 524 536 537 538 540 541 547 547 552 554 555 558 559 572 582 588 593 599 616 617 623 625 626 630 639 643 650 661 665 667 669 669 671 679 683 684 687 689 693 699 701 702 703 703 706 715 716 721 723 724 724 734 736 737 741 743 745 746 750 757 761 764 770 777 779 784 787 791 798 807 808 815 816 817 819 821 823 847 848 848 851 853 860 869 870 876 878 878 881 883 887 891 897 898 899 908 909 912 916 927 937 942 945 945 946 958 967 969 973 977 979 980 983 987 988 989 990 995 
____________________________________________________________________________________________________________________________________________________________________________________

j: 6 8 17 17 21 30 31 53 57 60 72 77 77 79 83 88 96 97 101 103 104 113 120 130 133 133 153 156 158 160 161 164 175 178 182 195 195 195 198 201 205 205 211 216 216 217 219 222 227 232 233 236 245 259 260 262 270 275 282 294 297 320 321 323 330 332 339 343 344 347 359 362 366 368 371 372 375 377 382 386 388 389 392 394 397 411 415 416 419 421 425 426 429 435 454 468 471 476 479 487 491 491 493 495 499 501 501 502 517 518 520 527 549 550 560 560 567 569 576 604 605 606 606 606 608 610 612 618 622 622 622 625 627 628 628 632 636 646 648 657 665 668 676 678 680 688 689 695 705 712 715 724 726 728 729 730 736 744 758 759 762 765 767 767 774 774 780 782 783 785 800 800 809 816 816 816 817 819 841 842 848 851 861 865 867 870 870 872 874 874 876 887 889 894 901 910 917 921 921 933 936 944 944 955 965 971 972 980 981 985 991 996 1000 
____________________________________________________________________________________________________________________________________________________________________________________

k: 4 4 12 13 14 15 30 30 31 33 38 48 52 54 65 65 69 87 91 91 117 118 125 127 134 139 142 150 154 157 157 161 170 182 185 189 201 202 212 217 222 232 233 237 241 243 250 261 273 273 285 286 286 291 309 311 316 326 328 334 336 338 343 356 368 370 376 382 386 396 398 408 411 416 419 420 420 422 422 423 423 430 432 439 442 446 448 449 454 454 456 469 471 475 478 489 491 496 503 503 507 510 524 531 543 554 556 564 570 574 575 578 582 584 588 588 588 592 600 607 621 627 628 640 647 648 651 658 666 673 677 678 682 690 701 709 718 726 749 755 756 757 767 770 777 780 780 781 784 789 792 795 801 809 834 837 843 851 856 858 866 867 880 884 887 889 890 893 898 901 905 908 914 914 916 931 934 936 936 941 945 951 954 956 974 975 982 985 986 990 991 997 997 
____________________________________________________________________________________________________________________________________________________________________________________

l: 1 12 13 17 21 30 38 45 46 50 53 57 60 61 68 71 72 88 104 115 117 119 125 129 139 147 150 159 170 177 178 182 187 192 198 199 201 208 219 233 235 236 242 246 249 249 253 263 263 279 282 285 286 298 300 301 302 306 315 328 334 334 336 338 342 355 358 361 372 375 380 381 382 383 386 388 388 397 407 416 436 438 451 453 454 455 458 461 461 463 466 472 476 478 487 490 492 497 498 504 506 517 520 522 524 533 543 545 559 570 574 583 584 587 589 591 592 596 609 616 637 649 658 682 682 684 688 690 694 694 698 702 702 724 726 728 755 764 767 770 770 781 782 790 803 804 806 809 820 823 826 827 827 832 842 844 859 861 865 866 866 871 873 873 874 875 882 883 884 887 887 888 894 897 903 910 911 921 925 933 943 945 950 951 962 968 971 982 985 986 998 999 
____________________________________________________________________________________________________________________________________________________________________________________

m: 2 6 13 14 16 17 20 23 30 35 42 47 49 53 55 56 60 62 68 74 77 80 82 113 123 126 128 133 145 152 156 157 161 171 182 186 187 190 206 208 208 209 212 217 220 221 229 236 240 240 240 241 244 251 254 257 262 273 284 291 299 301 318 319 322 328 332 333 334 337 344 358 360 368 369 373 373 376 384 393 393 395 399 401 405 410 419 426 436 437 439 442 446 449 450 455 457 457 465 469 471 494 495 496 498 499 508 520 524 528 531 532 553 555 558 560 573 575 577 580 586 591 593 598 605 615 618 623 635 636 645 646 647 654 656 658 666 674 674 680 688 691 692 692 694 697 702 712 717 719 722 724 751 752 762 777 783 784 785 820 835 843 845 846 848 848 851 855 865 866 870 870 872 873 878 881 882 901 901 907 911 912 917 933 936 936 939 941 944 957 958 958 963 985 985 986 987 991 997 997 998 
____________________________________________________________________________________________________________________________________________________________________________________

n: 10 13 15 15 21 21 24 30 35 44 44 45 46 51 55 72 73 75 88 91 98 114 115 119 129 136 142 143 147 150 153 154 158 158 158 160 174 177 185 189 201 206 207 208 216 218 219 226 229 236 239 242 245 247 251 251 253 259 267 276 276 278 284 297 298 300 300 306 311 312 314 321 322 323 330 333 333 346 354 361 368 369 374 377 379 382 390 394 396 399 405 409 413 417 436 443 444 450 452 456 461 465 484 487 487 488 489 492 495 495 496 497 499 499 500 500 503 512 515 520 526 530 542 549 562 571 574 576 581 583 584 585 593 604 609 615 626 626 630 630 631 637 638 642 646 649 658 661 663 668 682 688 689 693 703 705 706 708 711 715 717 722 730 737 743 761 768 769 770 777 779 784 793 798 809 810 820 823 832 835 837 837 849 858 859 860 863 864 870 872 881 893 895 900 909 913 921 921 930 933 939 952 954 961 966 968 980 987 990 991 997 
____________________________________________________________________________________________________________________________________________________________________________________

o: 4 12 14 15 23 30 35 35 39 39 41 47 48 49 57 60 61 63 69 71 71 82 84 93 111 121 122 123 125 132 135 137 148 156 161 166 178 190 195 207 217 218 239 240 247 251 254 255 256 258 259 272 272 274 275 276 279 291 308 315 316 321 323 337 339 350 355 356 358 361 366 366 370 375 378 380 383 384 391 394 402 405 407 407 408 411 411 416 417 418 420 421 423 439 439 448 451 451 452 459 462 466 480 483 483 485 485 489 493 503 505 505 510 518 521 522 526 531 532 534 537 547 552 553 558 560 560 566 568 570 584 587 588 590 591 609 615 618 622 622 627 635 636 637 643 651 652 654 656 657 660 663 667 667 667 667 685 691 693 694 700 703 712 713 717 718 730 734 735 741 743 755 772 790 790 793 804 806 807 807 808 809 822 823 825 825 828 830 836 841 841 846 846 869 872 877 877 878 887 894 896 900 914 914 927 927 935 944 945 958 960 967 969 971 980 983 986 997 
____________________________________________________________________________________________________________________________________________________________________________________

p: 12 13 13 14 21 26 30 37 41 45 61 65 66 71 71 72 72 74 74 74 75 83 91 91 103 105 108 108 115 116 119 119 132 139 141 146 152 154 155 156 166 173 178 178 183 195 196 201 203 203 209 214 215 219 231 234 236 236 240 253 262 263 269 276 279 286 293 306 316 324 333 334 336 339 341 346 348 354 357 360 366 369 381 385 403 407 409 410 425 431 436 439 439 451 452 455 457 463 463 466 476 481 482 483 490 491 499 503 514 518 521 532 535 537 543 543 548 550 553 553 568 573 574 574 583 584 584 594 595 598 600 602 609 609 609 610 614 621 626 636 638 659 660 661 665 669 670 671 676 678 679 681 695 700 700 704 706 715 723 725 730 737 739 742 756 757 762 763 769 770 771 782 788 795 799 805 814 826 830 833 833 836 837 845 848 852 855 855 866 868 869 869 876 876 876 884 888 889 896 899 900 901 914 915 922 930 937 951 955 959 961 965 965 965 970 972 982 986 990 990 992 992 993 998 999 
____________________________________________________________________________________________________________________________________________________________________________________

q: 2 5 13 15 16 16 18 22 25 30 34 37 40 41 47 52 59 73 77 81 88 89 100 105 108 123 128 133 134 141 147 153 165 169 173 176 183 185 187 191 195 198 207 210 225 226 226 227 241 241 242 242 247 249 252 255 260 262 264 270 281 283 284 285 295 296 297 297 297 301 309 312 313 314 314 314 316 319 324 328 330 337 337 338 342 344 351 355 356 357 358 364 366 369 372 379 379 380 384 384 390 394 397 399 402 405 405 410 410 412 413 413 421 427 427 436 440 443 447 447 448 448 450 453 461 466 468 473 480 481 481 490 491 495 495 496 498 498 500 504 504 504 507 517 518 521 524 526 527 531 532 543 552 556 556 563 567 575 579 579 591 593 606 620 628 634 635 635 641 641 643 643 645 646 654 658 659 662 665 665 668 672 675 675 678 681 706 717 721 722 728 729 732 733 740 749 749 751 762 768 769 772 774 776 782 789 800 804 813 814 818 823 825 827 832 838 842 844 845 851 852 854 867 871 871 875 875 880 880 881 889 897 919 922 939 962 963 979 986 995 
____________________________________________________________________________________________________________________________________________________________________________________

r: 1 3 6 7 10 12 20 23 23 31 39 46 48 50 50 56 63 67 69 88 89 95 124 125 129 130 135 135 140 141 143 152 155 166 168 168 187 188 190 192 195 198 201 202 206 208 211 212 213 216 219 223 225 230 247 262 272 273 314 322 322 324 325 335 335 337 340 351 353 360 364 377 379 381 382 389 390 396 404 406 408 418 419 422 430 438 451 453 457 457 462 475 486 492 499 505 505 506 507 511 514 517 520 523 537 538 548 556 563 564 585 589 594 597 599 603 615 617 627 630 634 635 637 643 647 655 661 666 669 672 682 690 694 697 712 714 717 727 728 735 737 748 761 764 768 775 775 781 787 790 796 800 800 813 825 825 835 838 851 852 854 854 856 860 862 864 868 879 880 883 889 897 903 905 906 906 907 911 919 922 939 945 948 951 963 985 993 999 
____________________________________________________________________________________________________________________________________________________________________________________

s: 5 8 16 17 21 23 24 25 41 41 42 46 61 65 75 75 79 80 85 85 89 90 91 108 115 115 123 128 130 133 143 157 157 173 184 197 209 216 218 218 221 225 230 240 242 245 253 255 256 257 263 266 270 279 282 285 286 287 289 292 295 296 305 306 309 321 329 330 335 342 343 350 356 361 361 363 370 380 382 386 391 392 399 402 407 407 408 412 413 418 420 423 423 432 436 443 446 454 454 462 470 472 480 481 485 485 498 498 517 518 521 527 536 549 552 569 577 586 593 598 598 600 602 609 614 616 618 625 630 633 642 645 645 652 656 660 661 663 665 669 672 672 676 678 679 683 692 705 715 717 718 726 730 738 745 772 773 774 780 788 788 788 799 799 800 800 814 825 837 840 847 849 852 888 892 897 906 906 911 912 913 924 943 951 953 958 961 967 975 976 979 982 987 992 
____________________________________________________________________________________________________________________________________________________________________________________

t: 20 21 35 38 39 40 46 48 52 56 63 73 85 85 89 92 93 98 114 119 132 135 144 145 145 166 170 181 183 189 209 214 216 228 231 247 247 258 260 265 266 270 272 272 274 276 281 284 285 291 293 311 330 334 335 336 344 351 356 361 368 371 384 385 407 409 410 410 410 413 416 420 422 425 427 437 454 461 469 475 480 482 487 492 495 496 498 508 510 512 517 526 535 536 544 549 550 556 563 567 575 575 582 583 584 590 591 595 596 601 609 617 625 626 626 627 627 631 631 631 634 639 641 642 645 646 647 649 652 656 657 658 658 659 659 660 663 664 669 671 674 679 681 688 698 702 703 705 715 729 730 731 739 744 753 756 761 766 773 774 776 777 777 786 787 790 792 798 800 802 807 807 816 819 823 830 830 858 862 866 866 871 878 882 882 883 883 884 885 886 888 892 894 899 900 911 911 911 919 924 924 925 945 948 957 957 967 973 976 976 982 988 989 990 995 996 999 999 
____________________________________________________________________________________________________________________________________________________________________________________

u: 15 16 24 38 43 47 47 48 52 53 55 55 60 61 61 67 68 69 75 75 79 84 93 96 102 105 105 106 109 112 114 116 116 122 129 131 132 132 133 144 146 147 147 147 154 162 192 195 196 200 200 210 211 214 219 219 220 235 241 254 259 262 270 283 299 300 300 301 307 312 334 334 335 335 342 342 343 343 345 352 358 358 362 365 369 370 371 372 373 375 376 377 379 380 382 383 384 393 399 404 404 405 411 415 418 420 420 423 424 429 429 431 431 432 446 456 457 481 491 491 494 495 500 507 520 522 533 535 537 538 545 546 553 554 561 572 574 574 576 576 577 586 594 597 597 607 611 634 641 645 650 659 665 669 677 678 683 706 723 723 724 726 747 769 774 777 787 787 799 803 803 806 814 819 819 827 833 836 837 838 839 844 847 848 849 850 860 865 878 880 894 895 901 903 918 937 939 940 942 945 948 949 954 956 957 957 958 965 967 969 973 973 979 979 983 983 983 993 999 
____________________________________________________________________________________________________________________________________________________________________________________

v: 17 20 24 29 41 49 60 73 78 83 83 101 103 107 111 112 112 114 122 128 135 138 153 154 156 161 163 163 166 168 174 174 175 179 183 184 184 187 194 198 198 209 212 213 226 229 229 233 241 242 246 259 263 269 273 274 280 282 287 287 299 300 301 306 306 316 319 320 323 335 338 342 343 343 344 345 358 361 369 372 377 380 386 387 420 423 424 439 447 453 465 473 473 478 481 481 483 485 493 510 511 511 521 522 534 544 551 559 562 566 571 573 575 576 576 577 577 577 577 579 583 584 588 594 594 605 606 609 611 616 617 618 627 635 638 639 639 640 644 652 660 668 674 674 677 689 692 693 694 698 699 704 704 705 706 714 718 724 724 726 726 727 743 743 761 763 765 784 789 790 791 793 798 799 800 802 804 805 808 821 825 854 858 862 867 871 875 881 882 884 889 892 899 899 911 914 914 919 920 922 927 941 946 948 951 962 962 965 965 965 966 968 970 973 981 989 989 
____________________________________________________________________________________________________________________________________________________________________________________

w: 1 4 7 13 15 17 22 23 26 36 36 41 45 46 49 52 54 69 72 73 80 94 102 105 109 116 123 125 125 133 135 145 145 156 158 159 160 160 161 163 170 172 173 175 186 197 209 214 218 230 231 231 237 237 246 258 261 262 265 267 276 278 279 284 289 296 299 308 309 325 328 330 333 333 336 338 339 346 346 351 353 363 366 379 392 402 402 412 415 424 427 430 435 436 443 443 445 447 447 450 453 459 460 471 471 473 475 479 485 489 492 497 500 505 505 505 518 524 531 532 534 540 548 550 550 555 557 560 564 578 581 583 588 595 596 596 599 617 623 625 627 627 634 635 636 637 641 668 669 678 681 685 698 698 702 712 740 746 753 754 775 781 786 788 793 795 799 806 812 817 817 820 820 821 843 846 847 848 849 851 852 854 858 858 864 874 874 879 880 881 882 885 900 901 903 911 924 926 930 930 937 939 939 959 970 984 988 988 988 993 994 
____________________________________________________________________________________________________________________________________________________________________________________

x: 6 11 19 20 31 31 32 37 45 49 50 57 68 73 75 77 77 82 85 85 88 104 114 123 129 133 135 135 139 143 145 152 156 158 158 165 170 177 177 194 196 196 205 206 206 207 207 211 216 220 239 241 242 247 258 270 270 283 286 288 293 300 309 310 313 314 321 322 322 324 325 326 330 334 338 344 346 357 360 364 367 375 377 383 388 389 392 392 394 396 399 409 412 413 419 425 426 426 427 442 443 445 455 456 465 469 476 479 487 492 498 503 513 513 518 520 529 531 533 547 549 551 552 553 573 581 585 588 589 591 597 598 605 625 630 631 635 635 638 640 643 659 661 663 668 672 676 687 690 691 693 694 694 696 699 702 706 711 712 718 727 733 743 743 747 751 752 769 773 775 780 783 784 786 786 787 788 789 789 793 795 801 805 806 810 814 815 820 823 831 833 847 854 861 861 862 864 868 870 872 873 875 878 881 895 897 899 906 916 920 928 929 936 944 956 958 961 963 969 969 972 978 986 988 993 994 
____________________________________________________________________________________________________________________________________________________________________________________

y: 8 10 32 38 44 48 50 56 56 61 61 61 74 79 82 82 82 83 91 102 111 112 113 122 128 130 142 146 154 169 189 197 198 199 216 219 225 238 246 268 270 276 282 284 287 290 295 301 302 310 312 314 321 323 324 325 331 349 352 380 383 383 384 385 385 388 390 390 391 392 394 402 410 410 412 417 417 418 419 419 422 422 423 432 437 442 454 455 475 484 487 490 494 495 500 503 506 510 518 521 524 526 527 532 534 538 550 551 571 573 573 573 578 594 594 596 597 600 610 611 611 611 614 618 622 625 634 634 637 637 641 647 656 657 657 658 663 667 679 685 698 699 703 718 724 730 735 741 762 772 772 775 777 780 780 781 782 784 785 789 792 803 803 808 818 822 823 836 836 840 845 849 852 854 855 860 861 870 870 871 872 876 883 885 891 894 897 902 904 930 933 940 941 944 944 951 956 957 979 983 989 992 993 993 998 998 
____________________________________________________________________________________________________________________________________________________________________________________

z: 22 30 32 45 60 63 67 67 69 83 87 105 105 107 109 113 117 130 152 154 162 176 177 196 198 200 208 212 217 218 220 222 225 230 231 231 233 236 241 244 244 250 251 270 271 278 282 285 286 287 291 299 310 321 329 330 330 338 349 357 373 384 386 388 392 401 408 418 443 448 450 462 466 475 478 481 487 488 489 490 492 505 508 508 508 514 515 517 523 526 543 547 549 562 571 572 580 582 583 585 592 594 598 599 602 605 606 608 616 617 620 626 636 636 638 645 649 653 656 665 666 668 670 676 678 678 683 686 688 698 698 700 707 711 722 722 725 730 730 739 745 745 746 746 749 756 757 768 772 774 781 783 784 788 788 788 791 793 794 795 796 814 817 819 822 823 847 848 850 855 856 857 859 863 871 871 874 881 885 900 901 902 908 923 929 930 930 933 939 942 947 951 957 963 979 986 986 989 996 999 
____________________________________________________________________________________________________________________________________________________________________________________

