
Creating Table...


____________________________________________________________________________________________________________________________________________________________________________________

a: [10,1] [13,5] [23,2] [23,4] [25,6] [32,4] [39,3] [43,1] [46,8] [49,3] [52,6] [56,3] [57,1] [61,7] [68,2] [72,5] [72,9] [75,1] [101,3] [102,3] [119,3] [128,1] [130,8] [132,2] [152,6] [154,8] [156,3] [171,3] [176,1] [178,4] [192,5] [198,8] [207,6] [214,2] [216,8] [221,1] [221,3] [222,5] [231,1] [240,5] [244,2] [247,10] [248,1] [258,5] [262,1] [264,1] [270,10] [276,2] [277,1] [277,2] [279,3] [290,2] [299,4] [301,9] [302,4] [303,2] [304,1] [306,4] [308,3] [310,4] [311,3] [311,6] [313,2] [321,3] [327,2] [330,10] [336,1] [336,8] [346,3] [353,1] [369,7] [370,1] [373,1] [373,3] [376,3] [377,5] [386,1] [388,5] [391,3] [393,6] [402,9] [407,8] [415,4] [415,5] [415,10] [422,3] [425,4] [428,3] [429,3] [429,4] [433,2] [434,1] [435,1] [443,8] [447,6] [447,10] [448,3] [453,7] [454,7] [454,9] [462,8] [466,3] [471,8] [475,1] [476,6] [484,3] [485,6] [485,9] [497,2] [498,5] [499,1] [502,6] [504,8] [515,2] [537,3] [540,2] [546,2] [549,9] [554,4] [555,2] [558,1] [563,3] [564,1] [565,1] [571,5] [572,1] [572,4] [576,7] [582,7] [583,8] [584,8] [593,7] [599,4] [601,2] [608,3] [622,2] [624,2] [625,2] [629,1] [630,8] [641,2] [646,7] [654,4] [659,7] [660,7] [662,3] [670,2] [676,7] [679,4] [679,8] [680,3] [688,5] [689,1] [689,5] [695,1] [700,1] [705,3] [715,7] [719,2] [722,2] [727,4] [736,6] [743,9] [744,1] [745,2] [756,1] [762,3] [762,5] [765,4] [768,2] [769,2] [776,2] [782,1] [785,1] [786,4] [790,1] [792,1] [792,5] [796,3] [797,1] [799,7] [801,5] [803,6] [806,2] [809,6] [814,7] [817,3] [817,4] [824,1] [829,1] [833,5] [834,3] [836,5] [839,1] [840,6] [843,2] [856,4] [858,3] [869,5] [871,3] [874,8] [875,5] [875,7] [883,2] [885,3] [900,1] [900,7] [902,3] [903,5] [903,9] [904,1] [907,2] [914,2] [916,6] [917,3] [921,5] [923,2] [923,3] [925,1] [927,3] [928,3] [932,2] [933,2] [950,3] [954,7] [955,2] [960,4] [962,7] [967,6] [975,1] [977,1] [991,6] [997,8] [998,4] 
____________________________________________________________________________________________________________________________________________________________________________________

b: [1,4] [2,3] [8,4] [9,2] [10,4] [16,6] [16,7] [19,1] [21,1] [24,2] [25,4] [33,1] [42,3] [46,4] [48,3] [54,5] [55,2] [65,7] [65,8] [71,3] [74,1] [77,6] [79,7] [80,2] [84,2] [90,1] [91,7] [93,3] [93,7] [93,8] [102,5] [105,1] [112,4] [117,3] [126,1] [130,7] [132,6] [147,6] [152,2] [157,1] [161,2] [171,2] [174,2] [182,3] [184,2] [188,1] [188,2] [190,4] [195,8] [197,4] [203,1] [208,6] [215,2] [229,5] [232,2] [240,4] [242,5] [246,4] [247,9] [264,3] [265,1] [268,1] [271,1] [273,6] [274,3] [276,7] [277,4] [289,1] [312,3] [312,7] [322,1] [324,1] [328,8] [337,1] [339,1] [341,1] [341,3] [348,1] [359,1] [361,2] [368,1] [370,6] [372,4] [393,3] [409,6] [415,3] [426,4] [427,8] [427,9] [428,2] [445,4] [457,6] [462,7] [468,2] [475,9] [479,2] [492,5] [493,5] [512,6] [514,4] [515,9] [518,9] [521,5] [526,8] [538,1] [538,3] [543,9] [547,7] [553,1] [557,2] [589,3] [592,4] [595,1] [597,1] [597,4] [599,8] [599,10] [600,6] [614,3] [615,4] [616,7] [628,1] [628,8] [635,5] [637,10] [643,6] [647,6] [659,3] [662,1] [668,6] [669,7] [681,4] [682,5] [694,1] [696,2] [697,4] [706,4] [713,2] [717,2] [743,10] [760,2] [760,3] [762,2] [769,4] [771,2] [773,4] [780,1] [780,7] [790,9] [792,3] [803,1] [805,5] [811,1] [825,5] [833,1] [835,2] [835,7] [835,8] [837,9] [838,4] [840,7] [841,3] [845,3] [854,8] [855,1] [860,3] [862,3] [862,6] [872,5] [875,2] [880,6] [884,2] [900,3] [901,5] [903,8] [903,10] [908,4] [910,3] [911,7] [919,3] [924,1] [924,5] [924,6] [928,2] [933,4] [934,2] [942,4] [944,1] [958,7] [961,6] [962,6] [964,1] [967,1] [971,2] [971,4] [977,2] [978,2] [980,4] [986,1] [988,9] [997,5] [997,7] [997,10] 
____________________________________________________________________________________________________________________________________________________________________________________

c: [2,5] [5,7] [10,3] [10,8] [24,3] [27,1] [28,1] [28,4] [38,7] [39,4] [41,3] [47,7] [49,4] [54,3] [64,1] [73,4] [84,5] [87,3] [94,1] [102,1] [113,1] [119,7] [120,2] [123,3] [127,4] [127,5] [135,8] [141,2] [144,2] [145,2] [146,4] [150,2] [156,7] [161,5] [166,4] [169,2] [177,3] [177,8] [181,2] [201,2] [201,8] [205,2] [206,4] [207,1] [217,2] [219,6] [222,1] [222,4] [225,4] [225,5] [227,2] [229,2] [233,1] [233,10] [251,2] [255,7] [263,7] [272,1] [273,7] [283,2] [287,3] [297,6] [306,5] [308,5] [314,1] [327,1] [331,2] [334,5] [336,7] [339,4] [339,6] [346,5] [349,6] [362,3] [366,10] [369,3] [372,6] [373,6] [374,1] [378,1] [397,3] [400,1] [411,6] [423,8] [425,2] [427,3] [461,4] [461,9] [463,1] [463,5] [471,3] [473,5] [476,3] [479,1] [480,1] [480,9] [489,1] [489,2] [499,2] [504,1] [508,5] [512,7] [512,9] [515,7] [515,8] [522,4] [524,9] [526,10] [529,2] [534,5] [536,7] [537,7] [543,2] [554,3] [554,9] [555,3] [555,4] [556,3] [558,4] [572,2] [579,2] [579,7] [585,7] [593,5] [596,2] [605,2] [605,5] [608,4] [617,1] [618,7] [624,3] [626,3] [626,9] [629,2] [629,3] [630,6] [631,5] [637,3] [637,5] [645,3] [647,5] [664,1] [664,3] [674,1] [679,3] [683,5] [683,8] [683,9] [687,4] [690,1] [694,5] [695,2] [697,3] [707,1] [708,4] [712,7] [714,2] [715,8] [724,2] [727,3] [737,1] [755,3] [756,5] [761,5] [767,3] [769,3] [770,1] [772,4] [774,8] [775,7] [791,3] [791,5] [795,3] [797,3] [799,3] [808,6] [817,9] [819,8] [819,10] [822,4] [828,6] [832,4] [834,2] [835,1] [840,2] [841,8] [844,1] [846,1] [850,5] [851,1] [860,6] [864,5] [865,5] [866,5] [874,4] [878,5] [903,7] [906,1] [919,2] [921,3] [930,1] [936,7] [938,1] [946,2] [948,6] [956,7] [965,6] [970,2] [971,3] [972,4] [973,8] [980,5] [981,4] [982,6] [987,4] [987,7] [990,5] [990,6] [993,7] [996,2] [998,8] 
____________________________________________________________________________________________________________________________________________________________________________________

d: [2,6] [5,3] [5,4] [9,1] [10,9] [17,9] [23,5] [35,4] [36,2] [38,5] [38,9] [45,6] [46,9] [49,7] [50,2] [56,5] [56,9] [68,6] [73,3] [73,8] [76,1] [79,1] [85,4] [87,6] [93,1] [93,2] [97,2] [101,1] [105,8] [106,1] [111,4] [111,5] [114,2] [120,3] [120,4] [130,3] [135,10] [140,2] [153,5] [153,6] [156,5] [161,7] [168,1] [168,6] [175,2] [177,5] [184,5] [187,3] [190,5] [196,5] [203,3] [209,5] [214,4] [218,1] [219,1] [223,1] [224,1] [230,3] [234,2] [240,9] [245,1] [255,4] [267,2] [278,1] [279,2] [284,4] [284,7] [287,8] [297,1] [297,8] [302,1] [325,3] [329,4] [344,1] [346,1] [349,4] [350,3] [361,9] [375,1] [376,2] [376,4] [386,10] [389,1] [390,2] [390,5] [390,6] [391,1] [394,1] [407,10] [409,5] [413,3] [416,3] [416,4] [416,7] [426,3] [428,4] [431,6] [445,2] [447,4] [447,7] [450,4] [453,10] [455,4] [456,4] [464,1] [465,5] [469,5] [475,6] [476,2] [479,4] [480,4] [493,2] [496,8] [502,1] [502,4] [504,6] [505,1] [507,2] [507,6] [511,2] [512,1] [513,2] [520,6] [520,7] [521,1] [524,8] [526,5] [527,1] [544,3] [545,3] [549,4] [562,4] [573,2] [579,6] [579,9] [586,1] [594,10] [599,6] [600,3] [606,3] [612,1] [613,1] [617,5] [619,1] [624,1] [625,1] [631,4] [636,7] [656,2] [656,8] [658,8] [659,1] [661,3] [662,6] [663,10] [668,2] [676,3] [677,1] [682,7] [688,2] [690,5] [693,1] [693,4] [701,1] [703,1] [708,3] [711,3] [715,5] [722,5] [723,5] [725,2] [726,7] [751,1] [755,5] [756,2] [763,4] [765,6] [771,1] [772,7] [777,7] [787,9] [793,4] [793,7] [799,6] [803,8] [805,1] [813,2] [814,8] [818,3] [818,4] [819,5] [828,1] [830,3] [837,1] [838,2] [839,4] [840,4] [844,3] [850,2] [862,7] [870,8] [874,9] [876,5] [882,1] [893,1] [897,8] [906,4] [920,2] [921,4] [922,6] [928,1] [944,4] [950,2] [951,3] [954,6] [956,6] [960,2] [967,4] [968,4] [970,1] [971,6] [972,2] [973,5] [975,4] [983,6] [998,2] [998,5] [999,7] 
____________________________________________________________________________________________________________________________________________________________________________________

e: [9,3] [10,7] [12,6] [15,9] [28,2] [35,2] [38,10] [46,10] [48,4] [53,3] [55,5] [56,1] [62,1] [63,3] [71,7] [80,1] [83,1] [83,8] [84,1] [84,3] [86,1] [91,5] [99,1] [102,7] [104,2] [104,7] [115,2] [122,4] [123,9] [126,3] [128,2] [128,7] [143,2] [152,3] [152,9] [153,8] [158,3] [161,9] [170,3] [170,4] [174,1] [181,3] [184,10] [189,4] [189,6] [190,6] [194,2] [202,3] [202,4] [208,5] [210,3] [210,4] [221,5] [233,4] [237,2] [239,2] [239,6] [253,3] [253,4] [256,3] [266,2] [266,3] [278,3] [285,6] [285,8] [286,8] [290,1] [299,3] [312,1] [322,2] [323,6] [329,1] [333,7] [335,9] [336,3] [338,4] [343,5] [344,7] [349,3] [355,2] [357,6] [365,3] [366,9] [374,3] [377,2] [380,5] [383,4] [385,4] [386,2] [396,1] [396,4] [403,2] [405,1] [407,1] [410,8] [422,7] [423,10] [431,4] [433,1] [436,1] [436,6] [438,2] [438,4] [441,1] [452,4] [457,8] [471,2] [474,1] [477,3] [487,6] [487,7] [498,9] [499,8] [502,5] [504,5] [511,1] [511,3] [512,3] [513,4] [515,6] [519,1] [527,2] [528,2] [531,1] [533,4] [536,4] [540,3] [540,4] [550,7] [551,3] [556,5] [565,3] [567,1] [570,3] [571,4] [572,3] [585,3] [591,3] [594,5] [596,5] [605,4] [609,10] [611,5] [614,1] [621,4] [622,9] [638,6] [641,6] [646,8] [654,3] [665,6] [681,1] [683,7] [696,3] [703,8] [703,10] [704,2] [714,4] [718,8] [726,2] [728,1] [731,2] [733,1] [746,4] [749,5] [765,5] [770,3] [777,5] [778,1] [784,8] [786,6] [789,3] [789,9] [797,2] [798,7] [807,6] [808,4] [817,5] [820,1] [820,6] [823,7] [828,4] [835,6] [837,6] [838,1] [839,3] [841,1] [852,2] [852,4] [852,8] [855,3] [855,8] [857,2] [858,2] [865,7] [867,1] [871,1] [875,1] [876,4] [883,1] [885,4] [887,10] [888,4] [895,1] [895,2] [900,4] [912,1] [916,1] [922,5] [924,8] [927,4] [933,10] [952,2] [954,4] [956,4] [962,1] [962,3] [972,3] [973,7] [974,2] [974,3] [979,8] [988,7] [989,6] [989,9] [994,2] [996,5] 
____________________________________________________________________________________________________________________________________________________________________________________

f: [7,2] [9,4] [13,8] [22,4] [23,3] [25,2] [25,3] [29,2] [35,8] [36,4] [68,7] [77,7] [84,6] [87,7] [88,6] [95,2] [108,1] [110,1] [114,1] [116,6] [119,8] [123,1] [123,5] [130,2] [132,3] [133,5] [141,1] [141,7] [143,3] [144,3] [146,5] [151,1] [155,1] [157,7] [159,1] [174,5] [176,2] [180,1] [196,8] [201,10] [204,1] [212,7] [213,3] [220,1] [221,2] [232,1] [232,3] [239,3] [253,5] [260,2] [267,4] [272,7] [273,3] [274,5] [282,1] [284,9] [286,7] [291,3] [293,1] [296,3] [300,3] [303,1] [315,2] [321,5] [326,3] [333,9] [344,9] [355,5] [360,6] [375,6] [376,9] [379,2] [393,4] [393,5] [397,5] [402,8] [404,4] [408,7] [419,5] [421,5] [427,7] [429,1] [430,1] [431,8] [432,1] [432,6] [433,3] [436,8] [439,5] [450,3] [453,3] [456,6] [466,1] [486,2] [491,1] [499,7] [509,1] [510,3] [514,6] [515,4] [515,5] [516,1] [519,2] [521,7] [536,1] [537,8] [539,1] [539,2] [542,1] [543,6] [547,2] [547,10] [552,4] [553,6] [554,8] [582,4] [584,7] [585,6] [591,6] [599,3] [607,3] [611,2] [611,6] [615,3] [617,6] [618,6] [622,8] [628,6] [633,1] [639,6] [640,4] [642,1] [646,1] [651,3] [659,5] [661,5] [667,2] [670,4] [671,4] [672,2] [679,5] [687,2] [690,9] [693,6] [703,7] [705,2] [708,2] [712,9] [718,2] [725,5] [732,1] [741,2] [749,6] [756,8] [760,1] [761,8] [763,5] [774,9] [776,1] [781,2] [781,5] [781,7] [787,6] [791,4] [801,2] [801,3] [806,8] [814,4] [818,1] [828,5] [833,8] [841,5] [841,6] [845,6] [846,5] [850,4] [855,5] [865,4] [879,2] [880,8] [880,9] [885,1] [887,3] [893,2] [908,1] [916,3] [932,1] [936,1] [944,3] [946,3] [946,4] [959,2] [966,1] [977,5] 
____________________________________________________________________________________________________________________________________________________________________________________

g: [11,1] [11,2] [16,5] [35,9] [37,1] [38,8] [41,5] [43,2] [45,5] [45,7] [47,1] [65,4] [65,5] [69,2] [82,3] [85,9] [101,2] [104,1] [113,4] [122,5] [125,4] [127,3] [132,1] [140,1] [145,4] [146,6] [154,4] [158,6] [163,3] [166,7] [174,6] [178,1] [180,2] [183,2] [184,3] [192,2] [197,5] [208,3] [211,2] [211,7] [212,6] [216,3] [217,1] [224,2] [230,5] [236,6] [239,1] [240,10] [243,2] [247,6] [255,6] [263,4] [265,2] [273,2] [274,2] [275,1] [287,9] [293,4] [297,7] [301,3] [310,1] [313,3] [313,4] [325,1] [325,6] [329,6] [335,2] [335,5] [336,2] [342,1] [353,5] [369,1] [369,10] [371,2] [376,5] [382,9] [384,9] [388,4] [404,3] [408,5] [413,8] [415,9] [433,4] [441,2] [444,1] [446,3] [449,1] [450,10] [452,3] [455,2] [461,6] [462,5] [477,2] [480,2] [485,1] [485,10] [490,4] [493,7] [494,5] [494,6] [507,3] [510,7] [512,4] [514,3] [515,10] [525,1] [526,1] [534,7] [536,2] [537,5] [546,1] [547,1] [549,7] [551,4] [552,2] [554,5] [555,5] [555,8] [562,5] [564,3] [573,7] [579,1] [582,5] [585,2] [596,1] [606,6] [614,2] [621,3] [631,2] [643,2] [643,3] [662,4] [669,5] [672,5] [674,2] [674,8] [681,2] [683,1] [683,4] [685,3] [688,3] [698,1] [698,5] [699,5] [704,4] [704,6] [715,6] [718,9] [720,1] [721,1] [722,4] [727,1] [728,6] [731,1] [736,4] [737,3] [743,3] [744,3] [755,2] [759,2] [763,1] [763,3] [765,3] [775,6] [776,4] [779,1] [787,1] [788,6] [789,8] [791,7] [798,4] [798,5] [804,3] [805,2] [805,3] [806,6] [827,3] [828,2] [830,7] [833,7] [835,5] [841,9] [842,1] [846,8] [847,3] [848,5] [874,6] [878,3] [887,8] [888,6] [903,4] [906,6] [908,5] [910,2] [919,7] [922,1] [930,3] [931,1] [939,3] [942,3] [954,3] [961,3] [962,4] [965,2] [972,6] [977,4] [977,6] [978,3] [983,3] [987,2] [992,1] [995,1] [996,4] [999,3] 
____________________________________________________________________________________________________________________________________________________________________________________

h: [2,4] [5,1] [15,3] [16,1] [25,1] [28,3] [28,5] [33,2] [33,3] [39,1] [39,7] [49,1] [49,5] [58,1] [60,3] [60,7] [63,4] [72,4] [73,2] [87,1] [87,4] [91,3] [104,3] [118,1] [125,5] [127,1] [128,3] [128,4] [129,2] [130,6] [153,2] [162,3] [163,2] [168,3] [170,6] [173,4] [184,1] [184,9] [187,7] [189,3] [196,3] [198,7] [201,7] [204,2] [207,4] [208,7] [209,3] [209,8] [233,6] [233,7] [250,3] [255,2] [256,2] [257,2] [272,4] [275,4] [279,7] [286,1] [287,1] [314,2] [316,3] [323,3] [326,4] [328,1] [339,2] [344,2] [353,3] [364,2] [376,7] [379,1] [382,4] [384,7] [392,4] [414,1] [415,2] [428,1] [431,3] [432,4] [435,2] [441,3] [450,1] [452,5] [453,1] [453,2] [460,1] [461,7] [462,4] [466,2] [467,1] [472,1] [477,1] [478,3] [478,4] [490,2] [493,4] [496,4] [502,3] [503,8] [506,3] [512,5] [525,2] [534,4] [534,8] [543,4] [547,6] [552,7] [554,6] [565,2] [566,3] [574,2] [577,8] [578,4] [579,3] [595,4] [598,4] [599,2] [606,5] [616,4] [627,3] [628,3] [630,5] [636,4] [638,3] [639,5] [640,3] [642,3] [643,7] [649,1] [656,6] [660,5] [662,5] [663,3] [663,4] [663,7] [667,1] [668,8] [678,8] [680,2] [688,1] [690,2] [690,3] [691,2] [692,4] [693,3] [697,2] [704,3] [710,1] [711,1] [712,1] [714,5] [721,3] [725,4] [726,1] [728,2] [728,8] [736,1] [736,3] [739,1] [740,2] [740,4] [750,1] [761,3] [781,6] [789,5] [790,2] [798,1] [813,4] [819,7] [830,5] [833,4] [838,5] [840,1] [846,4] [847,5] [852,9] [858,7] [887,9] [902,2] [930,6] [933,7] [948,5] [955,1] [960,3] [962,8] [981,3] [988,6] [989,4] [991,3] [991,5] 
____________________________________________________________________________________________________________________________________________________________________________________

i: [5,2] [17,4] [31,6] [33,5] [37,4] [39,5] [54,4] [60,6] [62,2] [63,7] [70,1] [77,1] [77,2] [79,6] [85,5] [85,8] [88,1] [94,3] [101,4] [105,3] [116,3] [119,9] [133,1] [140,3] [141,4] [141,6] [149,1] [166,2] [167,1] [181,1] [184,7] [187,2] [193,1] [194,3] [196,6] [203,4] [204,3] [211,6] [217,5] [230,2] [262,4] [262,7] [276,8] [277,3] [289,2] [291,2] [291,8] [295,2] [299,2] [301,6] [308,2] [311,4] [317,1] [321,4] [322,7] [324,6] [327,3] [328,3] [329,5] [333,5] [338,2] [349,5] [356,5] [357,2] [360,4] [365,1] [366,1] [366,8] [372,1] [373,7] [377,9] [386,8] [394,8] [395,2] [397,2] [400,2] [402,5] [405,5] [406,1] [411,3] [415,1] [416,9] [418,7] [419,4] [419,7] [421,2] [422,9] [426,1] [431,7] [432,7] [438,5] [447,8] [450,5] [452,6] [466,8] [469,1] [469,3] [469,8] [472,4] [480,7] [481,8] [488,1] [491,5] [494,4] [495,8] [496,3] [505,5] [510,4] [518,4] [521,2] [524,6] [536,3] [537,4] [538,4] [540,5] [541,1] [547,5] [547,9] [552,8] [554,2] [555,7] [558,3] [559,2] [572,7] [582,1] [588,1] [593,6] [599,7] [616,1] [617,8] [623,2] [625,4] [626,4] [630,4] [639,2] [643,9] [650,2] [661,4] [665,1] [667,6] [669,6] [669,9] [671,1] [679,9] [683,10] [684,2] [687,1] [689,4] [693,2] [699,1] [701,2] [702,7] [703,2] [703,9] [706,1] [715,1] [716,1] [721,2] [723,2] [724,6] [724,9] [734,2] [736,5] [737,6] [741,3] [743,6] [745,5] [746,5] [750,2] [757,2] [761,7] [764,2] [770,2] [777,2] [779,2] [784,6] [787,7] [791,1] [798,8] [807,3] [808,5] [815,1] [816,2] [817,2] [819,2] [821,3] [823,10] [847,6] [848,3] [848,4] [851,7] [853,1] [860,5] [869,1] [870,2] [876,6] [878,6] [878,9] [881,3] [883,7] [887,4] [891,2] [897,5] [898,2] [899,3] [908,3] [909,1] [912,3] [916,5] [927,2] [937,1] [942,2] [945,4] [945,8] [946,5] [958,3] [967,2] [969,2] [973,4] [977,3] [979,7] [980,3] [983,2] [987,6] [988,8] [989,2] [990,4] [995,2] 
____________________________________________________________________________________________________________________________________________________________________________________

j: [6,3] [8,2] [17,2] [17,3] [21,3] [30,7] [31,3] [53,4] [57,2] [60,8] [72,7] [77,8] [77,10] [79,2] [83,7] [88,4] [96,1] [97,1] [101,5] [103,2] [104,5] [113,6] [120,1] [130,10] [133,6] [133,9] [153,7] [156,10] [158,1] [160,2] [161,4] [164,1] [175,4] [178,2] [182,5] [195,1] [195,2] [195,9] [198,5] [201,4] [205,1] [205,4] [211,5] [216,9] [216,10] [217,7] [219,8] [222,3] [227,3] [232,4] [233,9] [236,7] [245,4] [259,5] [260,1] [262,6] [270,1] [275,3] [282,6] [294,1] [297,2] [320,1] [321,10] [323,2] [330,8] [332,2] [339,8] [343,8] [344,5] [347,1] [359,2] [362,2] [366,6] [368,2] [371,3] [372,5] [375,4] [377,4] [382,8] [386,4] [388,8] [389,2] [392,7] [394,4] [397,4] [411,1] [415,7] [416,8] [419,2] [421,4] [425,5] [426,6] [429,6] [435,3] [454,8] [468,3] [471,1] [476,4] [479,6] [487,4] [491,3] [491,9] [493,1] [495,3] [499,6] [501,1] [501,2] [502,2] [517,2] [518,7] [520,1] [527,4] [549,1] [550,3] [560,1] [560,2] [567,3] [569,1] [576,5] [604,2] [605,7] [606,1] [606,4] [606,9] [608,1] [610,1] [612,2] [618,5] [622,1] [622,4] [622,6] [625,9] [627,2] [628,4] [628,5] [632,1] [636,9] [646,3] [648,2] [657,3] [665,9] [668,1] [676,4] [678,6] [680,1] [688,7] [689,6] [695,3] [705,1] [712,6] [715,9] [724,5] [726,9] [728,7] [729,1] [730,4] [736,2] [744,4] [758,1] [759,1] [762,8] [765,1] [767,2] [767,5] [774,1] [774,3] [780,3] [782,4] [783,3] [785,4] [800,6] [800,9] [809,3] [816,3] [816,4] [816,5] [817,7] [819,3] [841,7] [842,4] [848,6] [851,2] [861,2] [865,3] [867,5] [870,9] [870,10] [872,2] [874,7] [874,10] [876,3] [887,6] [889,3] [894,5] [901,2] [910,4] [917,1] [921,6] [921,7] [933,6] [936,8] [944,7] [944,8] [955,4] [965,5] [971,7] [972,1] [980,2] [981,2] [985,1] [991,2] [996,3] [1000,1] 
____________________________________________________________________________________________________________________________________________________________________________________

k: [4,3] [4,4] [12,2] [13,10] [14,3] [15,7] [30,1] [30,8] [31,5] [33,4] [38,1] [48,7] [52,4] [54,1] [65,2] [65,6] [69,1] [87,2] [91,1] [91,10] [117,4] [118,2] [125,8] [127,2] [134,1] [139,2] [142,3] [150,3] [154,7] [157,4] [157,6] [161,6] [170,1] [182,2] [185,2] [189,1] [201,5] [202,2] [212,1] [217,6] [222,2] [232,5] [233,3] [237,1] [241,3] [243,1] [250,2] [261,2] [273,4] [273,9] [285,7] [286,3] [286,5] [291,4] [309,4] [311,5] [316,6] [326,2] [328,5] [334,10] [336,6] [338,7] [343,4] [356,6] [368,6] [370,5] [376,6] [382,2] [386,6] [396,5] [398,1] [408,3] [411,5] [416,5] [419,9] [420,2] [420,3] [422,1] [422,8] [423,1] [423,7] [430,4] [432,2] [439,1] [442,3] [446,4] [448,4] [449,2] [454,1] [454,6] [456,3] [469,6] [471,6] [475,4] [478,1] [489,6] [491,2] [496,7] [503,1] [503,4] [507,5] [510,8] [524,2] [531,7] [543,5] [554,1] [556,7] [564,4] [570,1] [574,8] [575,2] [578,1] [582,2] [584,3] [588,3] [588,5] [588,7] [592,3] [600,4] [607,2] [621,1] [627,7] [628,7] [640,2] [647,4] [648,1] [651,2] [658,4] [666,1] [673,1] [677,3] [678,3] [682,4] [690,4] [701,3] [709,1] [718,7] [726,4] [749,3] [755,4] [756,4] [757,3] [767,1] [770,4] [777,9] [780,2] [780,5] [781,4] [784,3] [789,2] [792,4] [795,6] [801,4] [809,4] [834,1] [837,4] [843,1] [851,6] [856,1] [858,4] [866,3] [867,4] [880,3] [884,1] [887,7] [889,6] [890,1] [893,3] [898,1] [901,3] [905,2] [908,6] [914,5] [914,6] [916,2] [931,2] [934,1] [936,2] [936,5] [941,3] [945,1] [951,1] [954,1] [956,2] [974,1] [975,2] [982,1] [985,3] [986,2] [990,7] [991,7] [997,1] [997,4] 
____________________________________________________________________________________________________________________________________________________________________________________

l: [1,2] [12,3] [13,1] [17,1] [21,2] [30,3] [38,6] [45,4] [46,5] [50,6] [53,2] [57,4] [60,4] [61,10] [68,4] [71,6] [72,1] [88,2] [104,4] [115,4] [117,1] [119,5] [125,7] [129,3] [139,4] [147,7] [150,4] [159,3] [170,2] [177,2] [178,3] [182,4] [187,8] [192,3] [198,2] [199,1] [201,9] [208,9] [219,10] [233,5] [235,1] [236,5] [242,7] [246,1] [249,2] [249,3] [253,1] [263,3] [263,6] [279,5] [282,5] [285,3] [286,6] [298,2] [300,8] [301,5] [302,2] [306,1] [315,1] [328,4] [334,3] [334,6] [336,4] [338,9] [342,5] [355,3] [358,2] [361,1] [372,7] [375,5] [380,8] [381,3] [382,7] [383,3] [386,5] [388,1] [388,2] [397,1] [407,2] [416,1] [436,4] [438,3] [451,2] [453,8] [454,4] [455,7] [458,1] [461,5] [461,8] [463,3] [466,6] [472,3] [476,7] [478,6] [487,8] [490,7] [492,4] [497,3] [498,10] [504,2] [506,4] [517,5] [520,2] [522,3] [524,4] [533,1] [543,7] [545,1] [559,1] [570,4] [574,1] [583,3] [584,5] [587,1] [589,4] [591,5] [592,1] [596,7] [609,9] [616,2] [637,2] [649,2] [658,3] [682,1] [682,6] [684,1] [688,10] [690,7] [694,4] [694,6] [698,9] [702,2] [702,4] [724,8] [726,10] [728,3] [755,6] [764,1] [767,4] [770,5] [770,6] [781,9] [782,2] [790,3] [803,3] [804,4] [806,3] [809,2] [820,5] [823,2] [826,1] [827,1] [827,4] [832,3] [842,2] [844,4] [859,1] [861,5] [865,1] [866,1] [866,7] [871,8] [873,2] [873,3] [874,2] [875,6] [882,4] [883,8] [884,6] [887,1] [887,5] [888,3] [894,3] [897,7] [903,1] [910,1] [911,6] [921,2] [925,3] [933,9] [943,1] [945,5] [950,1] [951,2] [962,9] [968,3] [971,1] [982,2] [985,2] [986,4] [998,3] [999,9] 
____________________________________________________________________________________________________________________________________________________________________________________

m: [2,1] [6,4] [13,3] [14,4] [16,4] [17,8] [20,2] [23,1] [30,2] [35,7] [42,1] [47,4] [49,9] [53,1] [55,4] [56,7] [60,1] [62,3] [68,3] [74,2] [77,5] [80,3] [82,7] [113,3] [123,6] [126,2] [128,9] [133,2] [145,7] [152,7] [156,9] [157,2] [161,8] [171,1] [182,1] [186,1] [187,6] [190,1] [206,6] [208,2] [208,10] [209,2] [212,2] [217,4] [220,4] [221,4] [229,6] [236,1] [240,1] [240,2] [240,8] [241,2] [244,3] [251,6] [254,1] [257,3] [262,8] [273,1] [284,8] [291,6] [299,7] [301,4] [318,1] [319,2] [322,6] [328,7] [332,1] [333,3] [334,9] [337,5] [344,6] [358,4] [360,3] [368,5] [369,5] [373,4] [373,8] [376,1] [384,8] [393,2] [393,7] [395,1] [399,5] [401,1] [405,3] [410,4] [419,8] [426,7] [436,9] [437,2] [439,4] [442,1] [446,5] [449,3] [450,6] [455,5] [457,5] [457,7] [465,4] [469,2] [471,5] [494,1] [495,5] [496,2] [498,1] [499,10] [508,2] [520,5] [524,1] [528,1] [531,4] [532,4] [553,3] [555,1] [558,2] [560,5] [573,6] [575,5] [577,1] [580,1] [586,2] [591,2] [593,3] [598,7] [605,8] [615,2] [618,4] [623,3] [635,1] [636,6] [645,7] [646,5] [647,2] [654,2] [656,3] [658,6] [666,2] [674,3] [674,5] [680,4] [688,4] [691,3] [692,2] [692,3] [694,3] [697,5] [702,1] [712,4] [717,3] [719,1] [722,6] [724,7] [751,3] [752,1] [762,1] [777,10] [783,2] [784,7] [785,2] [820,2] [835,9] [843,4] [845,2] [846,3] [848,2] [848,9] [851,4] [855,2] [865,6] [866,4] [870,4] [870,5] [872,6] [873,4] [878,1] [881,5] [882,6] [901,7] [901,8] [907,3] [911,8] [912,2] [917,2] [933,3] [936,4] [936,6] [939,8] [941,1] [944,5] [957,3] [958,2] [958,6] [963,4] [985,5] [985,6] [986,5] [987,3] [991,4] [997,2] [997,3] [998,1] 
____________________________________________________________________________________________________________________________________________________________________________________

n: [10,6] [13,2] [15,4] [15,6] [21,6] [21,8] [24,4] [30,4] [35,3] [44,1] [44,2] [45,2] [46,6] [51,1] [55,6] [72,8] [73,5] [75,4] [88,7] [91,6] [98,1] [114,6] [115,1] [119,4] [129,5] [136,1] [142,2] [143,6] [147,4] [150,1] [153,4] [154,6] [158,2] [158,8] [158,9] [160,4] [174,3] [177,7] [185,1] [189,7] [201,3] [206,2] [207,7] [208,8] [216,4] [218,6] [219,7] [226,1] [229,3] [236,4] [239,5] [242,3] [245,2] [247,7] [251,4] [251,5] [253,7] [259,3] [267,3] [276,1] [276,6] [278,2] [284,5] [297,4] [298,1] [300,4] [300,5] [306,2] [311,2] [312,4] [314,5] [321,9] [322,5] [323,7] [330,1] [333,4] [333,6] [346,7] [354,1] [361,5] [368,4] [369,2] [374,2] [377,8] [379,7] [382,6] [390,8] [394,2] [396,3] [399,1] [405,6] [409,3] [413,2] [417,2] [436,10] [443,5] [444,2] [450,7] [452,1] [456,5] [461,2] [465,2] [484,1] [487,1] [487,3] [488,3] [489,7] [492,7] [495,9] [495,10] [496,5] [497,1] [499,3] [499,4] [500,1] [500,5] [503,2] [512,2] [515,3] [520,4] [526,6] [530,1] [542,2] [549,6] [562,2] [571,2] [574,7] [576,1] [581,3] [583,2] [584,1] [585,1] [593,4] [604,1] [609,2] [615,6] [626,2] [626,8] [630,1] [630,9] [631,8] [637,4] [638,7] [642,4] [646,4] [649,5] [658,5] [661,6] [663,8] [668,4] [682,3] [688,6] [689,2] [693,7] [703,6] [705,6] [706,3] [708,1] [711,4] [715,3] [717,5] [722,1] [730,6] [737,5] [743,5] [761,6] [768,1] [769,7] [770,7] [777,8] [779,3] [784,4] [793,6] [798,2] [809,1] [810,1] [820,8] [823,3] [832,2] [835,3] [837,2] [837,3] [849,5] [858,8] [859,3] [860,1] [863,2] [864,2] [870,3] [872,7] [881,4] [893,4] [895,3] [900,9] [909,2] [913,1] [921,1] [921,8] [930,9] [933,1] [939,6] [952,1] [954,5] [961,1] [966,3] [968,1] [980,6] [987,5] [990,3] [991,1] [997,9] 
____________________________________________________________________________________________________________________________________________________________________________________

o: [4,1] [12,4] [14,1] [15,1] [23,10] [30,5] [35,1] [35,6] [39,6] [39,8] [41,9] [47,5] [48,6] [49,2] [57,5] [60,9] [61,4] [63,1] [69,5] [71,1] [71,2] [82,1] [84,4] [93,5] [111,1] [121,1] [122,1] [123,7] [125,1] [132,4] [135,1] [137,1] [148,1] [156,2] [161,10] [166,6] [178,6] [190,3] [195,5] [207,3] [217,3] [218,7] [239,4] [240,6] [247,5] [251,3] [254,2] [255,3] [256,1] [258,4] [259,4] [272,5] [272,6] [274,4] [275,2] [276,10] [279,6] [291,7] [308,1] [315,3] [316,5] [321,2] [323,4] [337,4] [339,5] [350,2] [355,4] [356,2] [358,6] [361,6] [366,2] [366,4] [370,4] [375,2] [378,2] [380,3] [383,1] [384,4] [391,2] [394,6] [402,4] [405,2] [407,6] [407,9] [408,4] [411,4] [411,7] [416,2] [417,4] [418,3] [420,1] [421,3] [423,6] [439,2] [439,8] [448,1] [451,3] [451,5] [452,7] [459,1] [462,1] [466,4] [480,5] [483,3] [483,4] [485,5] [485,7] [489,3] [493,3] [503,6] [505,4] [505,6] [510,5] [518,8] [521,4] [522,1] [526,7] [531,5] [532,6] [534,6] [537,6] [547,4] [552,1] [553,2] [558,5] [560,3] [560,4] [566,2] [568,1] [570,2] [584,9] [587,2] [588,2] [590,1] [591,1] [609,4] [615,1] [618,1] [622,3] [622,7] [627,10] [635,8] [636,1] [637,7] [643,4] [651,1] [652,4] [654,5] [656,5] [657,1] [660,6] [663,1] [667,3] [667,4] [667,5] [667,7] [685,2] [691,1] [693,9] [694,10] [700,5] [703,3] [712,2] [713,1] [717,6] [718,4] [730,7] [734,1] [735,3] [741,4] [743,7] [755,1] [772,1] [790,5] [790,7] [793,5] [804,5] [806,5] [807,1] [807,4] [808,3] [809,5] [822,2] [823,6] [825,2] [825,7] [828,3] [830,4] [836,4] [841,2] [841,4] [846,6] [846,7] [869,4] [872,1] [877,1] [877,2] [878,8] [887,2] [894,4] [896,2] [900,6] [914,4] [914,7] [927,1] [927,5] [935,1] [944,2] [945,3] [958,4] [960,1] [967,3] [969,1] [971,5] [980,1] [983,7] [986,9] [997,6] 
____________________________________________________________________________________________________________________________________________________________________________________

p: [12,1] [13,4] [13,6] [14,2] [21,4] [26,2] [30,9] [37,2] [41,7] [45,9] [61,6] [65,3] [66,1] [71,4] [71,5] [72,3] [72,6] [74,4] [74,5] [74,6] [75,6] [83,4] [91,8] [91,9] [103,1] [105,2] [108,3] [108,5] [115,6] [116,5] [119,1] [119,2] [132,9] [139,1] [141,8] [146,2] [152,8] [154,5] [155,3] [156,6] [166,1] [173,2] [178,5] [178,7] [183,1] [195,6] [196,7] [201,6] [203,2] [203,5] [209,1] [214,3] [215,1] [219,5] [231,6] [234,1] [236,2] [236,3] [240,7] [253,2] [262,2] [263,1] [269,2] [276,5] [279,1] [286,9] [293,5] [306,8] [316,1] [324,2] [333,8] [334,2] [336,9] [339,7] [341,2] [346,2] [348,2] [354,2] [357,3] [360,2] [366,7] [369,4] [381,1] [385,5] [403,1] [407,3] [409,4] [410,5] [425,1] [431,5] [436,3] [439,3] [439,6] [451,1] [452,2] [455,3] [457,1] [463,2] [463,4] [466,5] [476,5] [481,2] [482,1] [483,1] [490,5] [491,6] [499,5] [503,5] [514,5] [518,1] [521,9] [532,2] [535,2] [537,2] [543,3] [543,8] [548,1] [550,5] [553,4] [553,7] [568,2] [573,4] [574,3] [574,4] [583,4] [584,4] [584,6] [594,7] [595,5] [598,6] [600,2] [602,1] [609,1] [609,5] [609,6] [610,2] [614,6] [621,2] [626,5] [636,5] [638,5] [659,2] [660,4] [661,1] [665,3] [669,3] [670,1] [671,3] [676,2] [678,2] [679,2] [681,6] [695,4] [700,2] [700,3] [704,1] [706,7] [715,10] [723,1] [725,1] [730,8] [737,2] [739,4] [742,1] [756,7] [757,4] [762,6] [763,6] [769,5] [770,8] [771,3] [782,5] [788,2] [795,2] [799,4] [805,6] [814,5] [826,2] [830,2] [833,2] [833,6] [836,2] [837,5] [845,1] [848,10] [852,5] [855,4] [855,6] [866,2] [868,2] [869,2] [869,3] [876,1] [876,7] [876,8] [884,4] [888,2] [889,5] [896,1] [899,5] [900,10] [901,4] [914,1] [915,1] [922,4] [930,8] [937,4] [951,6] [955,3] [959,3] [961,4] [965,3] [965,8] [965,10] [970,3] [972,7] [982,3] [986,10] [990,1] [990,8] [992,3] [992,5] [993,8] [998,6] [999,6] 
____________________________________________________________________________________________________________________________________________________________________________________

q: [2,2] [5,5] [13,7] [15,2] [16,3] [16,9] [18,1] [22,3] [25,7] [30,10] [34,1] [37,5] [40,2] [41,8] [47,6] [52,1] [59,1] [73,1] [77,4] [81,1] [88,5] [89,2] [100,1] [105,6] [108,4] [123,10] [128,10] [133,7] [134,2] [141,5] [147,2] [153,3] [165,1] [169,3] [173,3] [176,3] [183,4] [185,3] [187,1] [191,1] [195,4] [198,3] [207,5] [210,1] [225,2] [226,3] [226,4] [227,1] [241,1] [241,4] [242,1] [242,8] [247,4] [249,1] [252,1] [255,1] [260,4] [262,9] [264,2] [270,6] [281,1] [283,3] [284,3] [285,4] [295,1] [296,2] [297,3] [297,5] [297,9] [301,8] [309,5] [312,6] [313,1] [314,6] [314,8] [314,9] [316,2] [319,1] [324,4] [328,6] [330,6] [337,2] [337,6] [338,6] [342,7] [344,10] [351,3] [355,1] [356,4] [357,4] [358,3] [364,1] [366,5] [369,9] [372,3] [379,4] [379,5] [380,1] [384,1] [384,6] [390,7] [394,5] [397,6] [399,4] [402,3] [405,4] [405,8] [410,2] [410,9] [412,3] [413,5] [413,6] [421,1] [427,4] [427,5] [436,7] [440,1] [443,4] [447,1] [447,3] [448,2] [448,5] [450,2] [453,6] [461,1] [466,7] [468,1] [473,2] [480,6] [481,3] [481,7] [490,6] [491,4] [495,2] [495,7] [496,1] [498,7] [498,8] [500,4] [504,3] [504,4] [504,7] [507,4] [517,3] [518,3] [521,6] [524,7] [526,9] [527,3] [531,3] [532,5] [543,10] [552,6] [556,2] [556,6] [563,2] [567,4] [575,3] [579,4] [579,8] [591,4] [593,2] [606,2] [620,2] [628,2] [634,3] [635,6] [635,10] [641,1] [641,3] [643,5] [643,10] [645,4] [646,2] [654,1] [658,7] [659,10] [662,2] [665,4] [665,7] [668,10] [672,4] [675,1] [675,2] [678,1] [681,7] [706,2] [717,7] [721,4] [722,8] [728,5] [729,2] [732,2] [733,3] [740,1] [749,1] [749,2] [751,2] [762,4] [768,3] [769,6] [772,6] [774,2] [776,3] [782,3] [789,10] [800,3] [804,1] [813,1] [814,6] [818,5] [823,1] [825,8] [827,2] [832,1] [838,7] [842,3] [844,2] [845,4] [851,3] [852,6] [854,1] [867,2] [871,6] [871,10] [875,4] [875,8] [880,4] [880,7] [881,1] [889,1] [897,4] [919,1] [922,3] [939,2] [962,10] [963,5] [979,2] [986,3] [995,3] 
____________________________________________________________________________________________________________________________________________________________________________________

r: [1,3] [3,1] [6,2] [7,3] [10,2] [12,5] [20,5] [23,6] [23,7] [31,2] [39,9] [46,2] [48,1] [50,1] [50,3] [56,6] [63,6] [67,2] [69,3] [88,3] [89,3] [95,1] [124,1] [125,3] [129,4] [130,5] [135,2] [135,6] [140,4] [141,3] [143,1] [152,5] [155,2] [166,8] [168,4] [168,5] [187,4] [188,3] [190,2] [192,1] [195,3] [198,9] [201,1] [202,1] [206,1] [208,1] [211,3] [212,4] [213,2] [216,6] [219,2] [223,2] [225,1] [230,7] [247,8] [262,3] [272,8] [273,5] [314,3] [322,3] [322,4] [324,5] [325,4] [335,3] [335,4] [337,3] [340,1] [351,4] [353,2] [360,1] [364,4] [377,7] [379,3] [381,2] [382,3] [389,3] [390,1] [396,2] [404,5] [406,2] [408,6] [418,5] [419,3] [422,5] [430,2] [438,1] [451,4] [453,4] [457,2] [457,3] [462,2] [475,8] [486,1] [492,8] [499,9] [505,7] [505,8] [506,2] [507,1] [511,4] [514,1] [517,6] [520,9] [523,1] [537,1] [538,6] [548,2] [556,1] [563,4] [564,2] [585,5] [589,1] [594,2] [597,6] [599,1] [603,1] [615,5] [617,9] [627,4] [630,2] [634,1] [635,9] [637,1] [643,1] [647,7] [655,1] [661,8] [666,4] [669,4] [672,6] [682,2] [690,8] [694,9] [697,1] [712,3] [714,1] [717,4] [727,2] [728,4] [735,2] [737,4] [748,1] [761,2] [764,3] [768,5] [775,1] [775,3] [781,1] [787,3] [790,8] [796,2] [800,2] [800,4] [813,3] [825,3] [825,4] [835,4] [838,3] [851,5] [852,3] [854,4] [854,6] [856,2] [860,2] [862,2] [864,3] [868,3] [879,1] [880,1] [883,6] [889,2] [897,1] [903,2] [905,1] [906,5] [906,8] [907,1] [911,3] [919,5] [922,7] [939,9] [945,2] [948,2] [951,7] [963,2] [985,4] [993,1] [999,2] 
____________________________________________________________________________________________________________________________________________________________________________________

s: [5,6] [8,1] [16,2] [17,6] [21,7] [23,9] [24,1] [25,5] [41,4] [41,6] [42,2] [46,7] [61,1] [65,1] [75,5] [75,8] [79,3] [80,5] [85,2] [85,10] [89,4] [90,2] [91,4] [108,2] [115,3] [115,5] [123,4] [128,5] [130,9] [133,8] [143,5] [157,3] [157,5] [173,5] [184,4] [197,1] [209,9] [216,5] [218,3] [218,4] [221,6] [225,3] [230,1] [240,3] [242,6] [245,3] [253,6] [255,5] [256,4] [257,1] [263,2] [266,1] [270,8] [279,8] [282,3] [285,5] [286,4] [287,6] [289,3] [292,1] [295,4] [296,1] [305,1] [306,6] [309,2] [321,1] [329,2] [330,7] [335,8] [342,3] [343,6] [350,1] [356,1] [361,3] [361,7] [363,2] [370,3] [380,7] [382,1] [386,3] [391,5] [392,3] [399,6] [402,2] [407,4] [407,7] [408,1] [412,1] [413,7] [418,1] [420,7] [423,2] [423,5] [432,5] [436,2] [443,6] [446,2] [454,2] [454,3] [462,6] [470,1] [472,2] [480,8] [481,1] [485,3] [485,8] [498,2] [498,4] [517,7] [518,10] [521,8] [527,6] [536,5] [549,3] [552,3] [569,2] [577,6] [586,4] [593,1] [598,1] [598,3] [600,5] [602,3] [609,3] [614,4] [616,5] [618,2] [625,8] [630,7] [633,2] [642,5] [645,2] [645,8] [652,2] [656,1] [660,1] [661,2] [663,5] [665,8] [669,8] [672,1] [672,3] [676,1] [678,10] [679,6] [683,6] [692,1] [705,5] [715,4] [717,1] [718,1] [726,5] [730,5] [738,1] [745,4] [772,8] [773,2] [774,5] [780,6] [788,1] [788,3] [788,4] [799,1] [799,9] [800,5] [800,7] [814,3] [825,1] [837,7] [840,5] [847,7] [849,4] [852,10] [888,1] [892,3] [897,3] [906,3] [906,7] [911,9] [912,4] [913,2] [924,3] [943,2] [951,8] [953,1] [958,5] [961,5] [967,5] [975,3] [976,3] [979,4] [982,4] [987,1] [992,2] 
____________________________________________________________________________________________________________________________________________________________________________________

t: [20,4] [21,5] [35,5] [38,4] [39,2] [40,1] [46,1] [48,5] [52,2] [56,4] [63,2] [73,9] [85,1] [85,7] [89,1] [92,1] [93,6] [98,2] [114,5] [119,6] [132,8] [135,9] [144,4] [145,3] [145,5] [166,3] [170,8] [181,4] [183,3] [189,2] [209,7] [214,5] [216,1] [228,1] [231,2] [247,2] [247,3] [258,3] [260,3] [265,4] [266,4] [270,9] [272,2] [272,3] [274,6] [276,9] [281,2] [284,6] [285,1] [291,5] [293,3] [311,1] [330,4] [334,7] [335,6] [336,5] [344,4] [351,2] [356,3] [361,4] [368,3] [371,4] [384,3] [385,1] [407,5] [409,2] [410,1] [410,3] [410,10] [413,1] [416,6] [420,4] [422,4] [425,3] [427,1] [437,3] [454,10] [461,3] [469,4] [475,3] [480,3] [482,2] [487,9] [492,2] [495,4] [496,6] [498,6] [508,1] [510,1] [512,8] [517,4] [526,3] [535,1] [536,6] [544,2] [549,8] [550,2] [556,4] [563,1] [567,2] [575,1] [575,4] [582,6] [583,1] [584,10] [590,2] [591,7] [595,2] [596,4] [601,1] [609,8] [617,4] [625,5] [626,6] [626,7] [627,1] [627,5] [631,1] [631,6] [631,7] [634,4] [639,4] [641,7] [642,2] [645,6] [646,6] [647,1] [649,3] [652,3] [656,9] [657,2] [658,1] [658,2] [659,6] [659,8] [660,2] [663,9] [664,2] [669,10] [671,2] [674,4] [679,1] [681,5] [688,9] [698,8] [702,5] [703,5] [705,7] [715,2] [729,3] [730,3] [731,3] [739,3] [744,2] [753,2] [756,3] [761,1] [766,1] [773,3] [774,4] [776,5] [777,3] [777,4] [786,3] [787,5] [790,4] [792,2] [798,6] [800,8] [802,1] [807,2] [807,5] [816,1] [819,9] [823,8] [830,1] [830,6] [858,1] [862,4] [866,6] [866,8] [871,7] [878,2] [882,2] [882,5] [883,3] [883,5] [884,3] [885,5] [886,1] [888,5] [892,1] [894,2] [899,4] [900,2] [911,1] [911,5] [911,10] [919,4] [924,2] [924,7] [925,2] [945,6] [948,1] [957,2] [957,5] [967,7] [973,1] [976,1] [976,2] [982,5] [988,4] [989,3] [990,2] [995,4] [996,6] [999,1] [999,5] 
____________________________________________________________________________________________________________________________________________________________________________________

u: [15,8] [16,8] [24,5] [38,2] [43,3] [47,2] [47,3] [48,2] [52,3] [53,5] [55,1] [55,3] [60,10] [61,2] [61,9] [67,4] [68,5] [69,4] [75,2] [75,7] [79,4] [84,7] [93,4] [96,2] [102,4] [105,5] [105,10] [106,2] [109,2] [112,5] [114,7] [116,2] [116,4] [122,6] [129,6] [131,1] [132,5] [132,7] [133,3] [144,1] [146,1] [147,1] [147,3] [147,5] [154,2] [162,1] [192,4] [195,7] [196,1] [200,1] [200,2] [210,2] [211,4] [214,6] [219,3] [219,9] [220,2] [235,2] [241,7] [254,3] [259,1] [262,5] [270,4] [283,1] [299,1] [300,1] [300,2] [301,7] [307,1] [312,5] [334,1] [334,4] [335,7] [335,10] [342,4] [342,6] [343,1] [343,2] [345,2] [352,2] [358,5] [358,7] [362,1] [365,2] [369,8] [370,2] [371,1] [372,2] [373,5] [375,7] [376,8] [377,1] [379,8] [380,2] [382,5] [383,5] [384,2] [393,1] [399,3] [404,1] [404,2] [405,7] [411,2] [415,8] [418,2] [420,6] [420,8] [423,4] [424,3] [429,2] [429,5] [431,1] [431,2] [432,8] [446,1] [456,2] [457,4] [481,6] [491,7] [491,8] [494,3] [495,6] [500,3] [507,7] [520,8] [522,2] [533,2] [535,3] [537,9] [538,2] [545,2] [546,3] [553,5] [554,7] [561,1] [572,6] [574,5] [574,6] [576,2] [576,3] [577,4] [586,3] [594,6] [597,3] [597,7] [607,1] [611,4] [634,6] [641,4] [645,5] [650,1] [659,9] [665,2] [669,2] [677,2] [678,4] [683,2] [706,8] [723,3] [723,4] [724,1] [726,6] [747,1] [769,1] [774,6] [777,6] [787,2] [787,8] [799,8] [803,2] [803,7] [806,7] [814,9] [819,1] [819,6] [827,5] [833,3] [836,3] [837,8] [838,6] [839,2] [844,5] [847,4] [848,8] [849,1] [850,3] [860,4] [865,2] [878,4] [880,5] [894,1] [895,4] [901,6] [903,3] [918,1] [937,3] [939,4] [940,2] [942,5] [945,7] [948,4] [949,1] [954,2] [956,1] [957,1] [957,4] [958,1] [965,9] [967,8] [969,4] [973,2] [973,6] [979,3] [979,5] [983,1] [983,4] [983,8] [993,5] [999,4] 
____________________________________________________________________________________________________________________________________________________________________________________

v: [17,5] [20,3] [24,6] [29,1] [41,1] [49,8] [60,5] [73,6] [78,1] [83,2] [83,6] [101,6] [103,3] [107,2] [111,2] [112,2] [112,3] [114,4] [122,3] [128,6] [135,5] [138,1] [153,1] [154,1] [156,1] [161,1] [163,1] [163,4] [166,5] [168,2] [174,4] [174,7] [175,3] [179,1] [183,5] [184,6] [184,8] [187,5] [194,1] [198,4] [198,10] [209,6] [212,3] [213,1] [226,2] [229,1] [229,4] [233,2] [241,8] [242,2] [246,2] [259,2] [263,5] [269,1] [273,8] [274,1] [280,1] [282,2] [287,2] [287,7] [299,6] [300,7] [301,2] [306,3] [306,7] [316,4] [319,3] [320,2] [323,5] [335,1] [338,8] [342,2] [343,3] [343,7] [344,3] [345,1] [358,1] [361,8] [369,6] [372,8] [377,3] [380,6] [386,9] [387,1] [420,5] [423,3] [424,1] [439,7] [447,5] [453,5] [465,1] [473,1] [473,3] [478,5] [481,5] [481,9] [483,2] [485,2] [493,6] [510,2] [511,5] [511,6] [521,10] [522,5] [534,1] [544,1] [551,2] [559,3] [562,3] [566,1] [571,6] [573,5] [575,6] [576,4] [576,6] [577,2] [577,3] [577,5] [577,7] [579,5] [583,7] [584,2] [588,4] [594,1] [594,9] [605,6] [606,7] [609,7] [611,3] [616,6] [617,7] [618,3] [627,6] [635,4] [638,1] [639,1] [639,3] [640,1] [644,1] [652,1] [660,3] [668,9] [674,6] [674,7] [677,4] [689,3] [692,5] [693,5] [694,8] [698,7] [699,2] [704,5] [704,7] [705,4] [706,5] [714,3] [718,3] [724,3] [724,10] [726,3] [726,8] [727,5] [743,2] [743,8] [761,4] [763,2] [765,2] [784,1] [789,4] [790,6] [791,2] [793,8] [798,3] [799,2] [800,1] [802,2] [804,2] [805,7] [808,2] [821,1] [825,6] [854,2] [858,6] [862,5] [867,3] [871,2] [875,3] [881,7] [882,7] [884,5] [889,4] [892,2] [899,2] [899,6] [911,4] [914,3] [914,8] [919,6] [920,1] [922,2] [927,6] [941,2] [946,1] [948,3] [951,5] [962,2] [962,5] [965,1] [965,4] [965,7] [966,2] [968,2] [970,4] [973,3] [981,1] [989,1] [989,7] 
____________________________________________________________________________________________________________________________________________________________________________________

w: [1,1] [4,2] [7,1] [13,9] [15,5] [17,7] [22,1] [23,8] [26,1] [36,1] [36,3] [41,2] [45,8] [46,3] [49,6] [52,5] [54,2] [69,6] [72,2] [73,7] [80,4] [94,2] [102,6] [105,4] [109,1] [116,1] [123,2] [125,2] [125,6] [133,4] [135,7] [145,1] [145,6] [156,8] [158,4] [159,2] [160,1] [160,3] [161,3] [163,5] [170,5] [172,1] [173,1] [175,1] [186,2] [197,2] [209,4] [214,1] [218,2] [230,6] [231,5] [231,7] [237,3] [237,4] [246,5] [258,2] [261,1] [262,10] [265,3] [267,1] [276,4] [278,5] [279,4] [284,1] [289,4] [296,4] [299,8] [308,4] [309,3] [325,2] [328,2] [330,9] [333,1] [333,2] [336,10] [338,1] [339,3] [346,6] [346,8] [351,1] [353,4] [363,1] [366,3] [379,6] [392,1] [402,1] [402,6] [412,2] [415,6] [424,2] [427,2] [430,3] [435,4] [436,5] [443,1] [443,7] [445,1] [447,2] [447,9] [450,8] [453,9] [459,2] [460,2] [471,4] [471,7] [473,4] [475,7] [479,5] [485,4] [489,5] [492,1] [497,4] [500,6] [505,2] [505,9] [505,10] [518,6] [524,3] [531,2] [532,1] [534,3] [540,1] [548,3] [550,1] [550,6] [555,6] [557,1] [560,6] [564,5] [578,3] [581,2] [583,5] [588,6] [595,3] [596,3] [596,8] [599,5] [617,3] [623,1] [625,3] [627,8] [627,9] [634,2] [635,3] [636,2] [637,9] [641,8] [668,5] [669,1] [678,9] [681,3] [685,4] [698,3] [698,4] [702,3] [712,5] [740,3] [746,3] [753,1] [754,1] [775,2] [781,3] [786,2] [788,7] [793,2] [795,1] [799,5] [806,1] [812,1] [817,6] [817,8] [820,3] [820,4] [821,2] [843,3] [846,2] [847,8] [848,1] [849,3] [851,8] [852,1] [854,7] [858,5] [858,9] [864,4] [874,3] [874,5] [879,3] [880,2] [881,2] [882,3] [885,7] [900,8] [901,1] [903,6] [911,2] [924,4] [926,1] [930,4] [930,5] [937,2] [939,1] [939,7] [959,1] [970,5] [984,1] [988,1] [988,3] [988,5] [993,2] [994,3] 
____________________________________________________________________________________________________________________________________________________________________________________

x: [6,1] [11,3] [19,2] [20,1] [31,1] [31,4] [32,3] [37,3] [45,1] [49,10] [50,5] [57,3] [68,1] [73,10] [75,3] [77,3] [77,9] [82,5] [85,3] [85,6] [88,8] [104,6] [114,3] [123,8] [129,1] [133,10] [135,3] [135,4] [139,3] [143,4] [145,8] [152,4] [156,4] [158,5] [158,7] [165,2] [170,7] [177,1] [177,4] [194,4] [196,2] [196,4] [205,3] [206,3] [206,5] [207,2] [207,8] [211,1] [216,7] [220,5] [239,7] [241,6] [242,4] [247,1] [258,1] [270,2] [270,7] [283,4] [286,10] [288,1] [293,2] [300,6] [309,1] [310,2] [313,5] [314,7] [321,8] [322,8] [322,9] [324,7] [325,7] [326,1] [330,3] [334,8] [338,3] [344,8] [346,4] [357,1] [360,5] [364,3] [367,1] [375,3] [377,6] [383,2] [388,7] [389,4] [392,2] [392,5] [394,3] [396,6] [399,2] [409,1] [412,5] [413,4] [419,6] [425,6] [426,2] [426,5] [427,6] [442,2] [443,2] [445,3] [455,1] [456,1] [465,3] [469,7] [476,1] [479,3] [487,2] [492,3] [498,3] [503,7] [513,1] [513,3] [518,2] [520,3] [529,1] [531,6] [533,3] [547,8] [549,5] [551,1] [552,5] [553,8] [573,9] [581,1] [585,4] [588,8] [589,2] [591,8] [597,5] [598,5] [605,3] [625,6] [630,3] [631,3] [635,2] [635,7] [638,4] [640,5] [643,8] [659,4] [661,7] [663,6] [668,3] [672,7] [676,5] [687,3] [690,6] [691,4] [693,8] [694,2] [694,7] [696,1] [699,3] [702,6] [706,6] [711,2] [712,8] [718,6] [727,6] [733,2] [743,1] [743,4] [747,2] [751,4] [752,2] [769,8] [773,1] [775,4] [780,9] [783,1] [784,2] [786,1] [786,5] [787,4] [788,5] [789,6] [789,7] [793,1] [795,5] [801,1] [805,4] [806,4] [810,2] [814,2] [815,2] [820,7] [823,5] [831,1] [833,9] [847,2] [854,3] [861,1] [861,3] [862,1] [864,1] [868,1] [870,7] [872,3] [873,1] [875,9] [878,7] [881,6] [895,5] [897,6] [899,1] [906,2] [916,4] [920,3] [928,4] [929,2] [936,3] [944,6] [956,5] [958,8] [961,2] [963,1] [969,3] [969,5] [972,5] [978,1] [986,7] [988,2] [993,3] [994,1] 
____________________________________________________________________________________________________________________________________________________________________________________

y: [8,3] [10,5] [32,2] [38,3] [44,3] [48,8] [50,4] [56,2] [56,8] [61,3] [61,5] [61,8] [74,3] [79,5] [82,2] [82,4] [82,6] [83,3] [91,2] [102,2] [111,3] [112,1] [113,5] [122,2] [128,8] [130,1] [142,1] [146,3] [154,3] [169,1] [189,5] [197,3] [198,1] [199,2] [216,2] [219,4] [225,7] [238,1] [246,3] [268,2] [270,3] [276,3] [282,4] [284,2] [287,5] [290,3] [295,3] [301,1] [302,3] [310,3] [312,2] [314,4] [321,7] [323,1] [324,3] [325,5] [331,1] [349,1] [352,1] [380,4] [383,6] [383,7] [384,10] [385,2] [385,3] [388,3] [390,3] [390,4] [391,4] [392,8] [394,7] [402,7] [410,6] [410,7] [412,4] [417,1] [417,3] [418,6] [419,1] [419,10] [422,2] [422,6] [423,9] [432,3] [437,1] [442,4] [454,5] [455,6] [475,5] [484,2] [487,5] [490,1] [494,2] [495,1] [500,2] [503,3] [506,1] [510,6] [518,5] [521,3] [524,5] [526,2] [527,5] [532,3] [534,2] [538,5] [550,4] [551,5] [571,1] [573,1] [573,3] [573,8] [578,2] [594,4] [594,8] [596,6] [597,2] [600,1] [610,3] [611,1] [611,7] [611,8] [614,5] [618,8] [622,5] [625,7] [634,5] [634,7] [637,6] [637,8] [641,5] [647,3] [656,7] [657,4] [657,5] [658,9] [663,2] [667,8] [679,7] [685,1] [698,6] [699,4] [703,4] [718,5] [724,4] [730,9] [735,1] [741,1] [762,7] [772,2] [772,3] [775,5] [777,1] [780,4] [780,8] [781,8] [782,6] [784,5] [785,3] [789,1] [792,6] [803,4] [803,5] [808,1] [818,2] [822,3] [823,9] [836,1] [836,6] [840,3] [845,5] [849,2] [852,7] [854,5] [855,9] [860,7] [861,4] [870,1] [870,6] [871,4] [872,4] [876,2] [883,4] [885,2] [891,1] [894,6] [897,2] [902,4] [904,2] [930,2] [933,5] [940,1] [941,4] [944,9] [944,10] [951,4] [956,3] [957,7] [979,1] [983,5] [989,5] [992,4] [993,4] [993,6] [998,7] [998,9] 
____________________________________________________________________________________________________________________________________________________________________________________

z: [22,2] [30,6] [32,1] [45,3] [60,2] [63,5] [67,1] [67,3] [69,7] [83,5] [87,5] [105,7] [105,9] [107,1] [109,3] [113,2] [117,2] [130,4] [152,1] [154,9] [162,2] [176,4] [177,6] [196,9] [198,6] [200,3] [208,4] [212,5] [217,8] [218,5] [220,3] [222,6] [225,6] [230,4] [231,3] [231,4] [233,8] [236,8] [241,5] [244,1] [244,4] [250,1] [251,1] [270,5] [271,2] [278,4] [282,7] [285,2] [286,2] [287,4] [291,1] [299,5] [310,5] [321,6] [329,3] [330,2] [330,5] [338,5] [349,2] [357,5] [373,2] [384,5] [386,7] [388,6] [392,6] [401,2] [408,2] [418,4] [443,3] [448,6] [450,9] [462,3] [466,9] [475,2] [478,2] [481,4] [487,10] [488,2] [489,4] [490,3] [492,6] [505,3] [508,3] [508,4] [508,6] [514,2] [515,1] [517,1] [523,2] [526,4] [543,1] [547,3] [549,2] [562,1] [571,3] [572,5] [580,2] [582,3] [583,6] [585,8] [592,2] [594,3] [598,2] [599,9] [602,2] [605,1] [606,8] [608,2] [616,3] [617,2] [620,1] [626,1] [636,3] [636,8] [638,2] [645,1] [649,4] [653,1] [656,4] [665,5] [666,3] [668,7] [670,3] [676,6] [678,5] [678,7] [683,3] [686,1] [688,8] [698,2] [698,10] [700,4] [707,2] [711,5] [722,3] [722,7] [725,3] [730,1] [730,2] [739,2] [745,1] [745,3] [746,1] [746,2] [749,4] [756,6] [757,1] [768,4] [772,5] [774,7] [781,10] [783,4] [784,9] [788,8] [788,9] [788,10] [791,6] [793,3] [794,1] [795,4] [796,1] [814,1] [817,1] [819,4] [822,1] [823,4] [847,1] [848,7] [850,1] [855,7] [856,3] [857,1] [859,2] [863,1] [871,5] [871,9] [874,1] [881,8] [885,6] [900,5] [901,9] [902,1] [908,2] [923,1] [929,1] [930,7] [930,10] [933,8] [939,5] [942,1] [947,1] [951,9] [957,6] [963,3] [979,6] [986,6] [986,8] [989,8] [996,1] [999,8] 
____________________________________________________________________________________________________________________________________________________________________________________

